109
172
181
129
149
170
191
113
112
124
193
132
109
158
122
131
186
104
148
184
175
108
120
146
122
158
130
117
102
136
122
107
168
139
109
159
124
192
168
177
180
107
149
191
118
128
1000319
1000105
113
181
173
119
119
153
158
157
134
119
197
154
174
117
141
167
100
184
199
130
142
186
164
186
192
180
122
184
125
160
193
196
132
139
104
121
114
153
176
180
158
137
149
129
187
103
186
183
191
111
126
197
151
197
113
109
138
161
136
113
179
191
135
134
194
183
132
180
188
159
190
129
176
160
176
101
104
194
156
151
144
166
101
160
149
157
110
141
184
176
199
196
142
172
106
102
111
149
105
110
159
115
141
146
135
181
164
116
156
110
162
184
156
186
103
146
195
145
148
112
101
147
169
109
195
166
194
154
112
117
197
100
122
134
164
188
179
105
108
149
157
160
179
162
157
110
101
118
137
149
198
178
166
